user	hotel
1	42
2	16
3	18
4	62
5	17
6	61
7	60
8	48
9	19
10	52
11	60
12	6
13	32
14	31
15	60
16	22
17	35
18	44
19	22
20	39
21	7
22	64
23	41
24	63
25	61
26	6
27	52
28	23
29	66
30	20
31	54
32	18
33	66
34	54
35	51
36	43
37	54
38	27
39	2
40	24
41	15
42	9
43	45
44	44
45	60
46	11
47	18
48	58
49	66
50	60
51	17
52	8
53	42
54	39
55	25
56	16
57	5
58	21
59	39
60	18
61	2
62	3
63	33
64	13
65	37
66	27
67	28
68	30
69	41
70	2
71	7
72	50
73	48
74	28
75	8
76	19
77	43
78	39
79	18
80	7
81	31
82	66
83	17
84	25
85	23
86	46
87	46
88	65
89	29
90	9
91	43
92	43
93	62
94	7
95	37
96	46
97	50
98	13
99	45
100	15
101	40
102	17
103	42
104	24
105	26
106	56
107	13
108	27
109	66
110	55
111	18
112	17
113	25
114	38
115	62
116	22
117	9
118	31
119	3
120	33
121	61
122	3
123	40
124	42
125	2
126	31
127	27
128	14
129	63
130	20
131	6
132	58
133	27
134	65
135	41
136	7
137	48
138	53
139	66
140	8
141	50
142	11
143	3
144	27
145	29
146	36
147	52
148	5
149	16
150	64
151	18
152	51
153	53
154	48
155	37
156	38
157	49
158	41
159	45
160	21
161	52
162	15
163	54
164	14
165	60
166	18
167	44
168	27
169	63
170	41
171	63
172	13
173	21
174	21
175	38
176	64
177	45
178	6
179	13
180	21
181	60
182	40
183	61
184	60
185	46
186	12
187	56
188	46
189	49
190	43
191	55
192	4
193	43
194	60
195	6
196	62
197	61
198	52
199	16
200	34
201	61
202	49
203	41
204	59
205	1
206	35
207	28
208	40
209	17
210	21
211	12
212	38
213	14
214	3
215	20
216	51
217	33
218	21
219	45
220	60
221	46
222	37
223	2
224	5
225	43
226	36
227	31
228	60
229	35
230	3
231	27
232	48
233	41
234	60
235	7
236	54
237	59
238	36
239	30
240	66
241	23
242	40
243	30
244	45
245	53
246	12
247	15
248	43
249	60
250	54
251	39
252	46
253	11
254	35
255	21
256	42
257	17
258	23
259	1
260	42
261	16
262	65
263	45
264	21
265	46
266	46
267	61
268	32
269	54
270	64
271	37
272	10
273	47
274	9
275	65
276	58
277	46
278	51
279	52
280	16
281	33
282	31
283	42
284	17
285	58
286	46
287	11
288	40
289	41
290	56
291	64
292	35
293	54
294	37
295	55
296	10
297	39
298	18
299	28
300	5
301	6
302	56
303	66
304	8
305	54
306	24
307	30
308	36
309	53
310	66
311	52
312	64
313	25
314	44
315	63
316	54
317	36
318	14
319	17
320	41
321	13
322	35
323	56
324	52
325	16
326	22
327	41
328	32
329	48
330	65
331	43
332	52
333	50
334	20
335	18
336	26
337	54
338	61
339	16
340	4
341	22
342	42
343	12
344	5
345	61
346	18
347	65
348	66
349	14
350	35
351	15
352	22
353	60
354	49
355	21
356	41
357	18
358	3
359	14
360	53
361	10
362	19
363	13
364	6
365	18
366	30
367	42
368	57
369	12
370	12
371	4
372	9
373	35
374	60
375	27
376	44
377	31
378	39
379	45
380	42
381	40
382	36
383	40
384	36
385	2
386	17
387	27
388	52
389	21
390	45
391	22
392	8
393	54
394	36
395	24
396	61
397	66
398	53
399	39
400	49
401	41
402	34
403	66
404	52
405	48
406	33
407	34
408	60
409	22
410	58
411	30
412	17
413	28
414	20
415	27
416	42
417	21
418	15
419	56
420	15
421	7
422	44
423	56
424	55
425	40
426	64
427	66
428	42
429	43
430	52
431	5
432	51
433	45
434	41
435	45
436	18
437	48
438	21
439	43
440	34
441	45
442	41
443	42
444	26
445	32
446	42
447	54
448	44
449	54
450	51
451	41
452	40
453	4
454	51
455	58
456	22
457	45
458	32
459	11
460	48
461	36
462	22
463	32
464	23
465	17
466	61
467	17
468	64
469	17
470	27
471	27
472	31
473	60
474	63
475	43
476	64
477	51
478	27
479	48
480	49
481	63
482	56
483	2
484	40
485	51
486	50
487	49
488	51
489	56
490	64
491	22
492	24
493	53
494	60
495	63
496	48
497	32
498	58
499	34
500	34
501	59
502	61
503	31
504	37
505	60
506	58
507	16
508	34
509	44
510	7
511	34
512	31
513	39
514	32
515	64
516	44
517	38
518	63
519	2
520	3
521	40
522	22
523	19
524	2
525	41
526	50
527	22
528	34
529	24
530	31
531	41
532	13
533	8
534	49
535	53
536	5
537	37
538	37
539	2
540	60
541	48
542	38
543	20
544	11
545	27
546	25
547	6
548	15
549	1
550	21
551	35
552	43
553	60
554	45
555	32
556	48
557	1
558	52
559	19
560	58
561	20
562	33
563	25
564	43
565	55
566	56
567	64
568	40
569	3
570	43
571	13
572	5
573	50
574	56
575	23
576	37
577	14
578	30
579	29
580	18
581	25
582	56
583	48
584	55
585	40
586	57
587	42
588	14
589	43
590	33
591	8
592	40
593	51
594	4
595	50
596	26
597	15
598	50
599	46
600	6
601	32
602	46
603	20
604	63
605	5
606	18
607	20
608	16
609	63
610	5
611	32
612	41
613	35
614	52
615	36
616	30
617	22
618	33
619	20
620	59
621	58
622	58
623	51
624	44
625	29
626	66
627	2
628	61
629	61
630	56
631	17
632	48
633	14
634	19
635	45
636	54
637	9
638	43
639	45
640	64
641	3
642	46
643	33
644	3
645	10
646	41
647	56
648	17
649	65
650	42
651	55
652	54
653	29
654	63
655	47
656	24
657	20
658	50
659	13
660	46
661	44
662	43
663	13
664	26
665	50
666	15
667	28
668	35
669	17
670	44
671	21
672	43
673	54
674	8
675	43
676	43
677	62
678	64
679	10
680	15
681	26
682	22
683	31
684	26
685	6
686	40
687	66
688	65
689	28
690	62
691	50
692	47
693	39
694	47
695	29
696	51
697	16
698	12
699	28
700	37
701	34
702	60
703	14
704	57
705	27
706	34
707	18
708	44
709	42
710	56
711	16
712	48
713	4
714	50
715	44
716	53
717	61
718	8
719	55
720	52
721	44
722	33
723	54
724	27
725	6
726	60
727	23
728	26
729	35
730	49
731	14
732	21
733	60
734	5
735	26
736	61
737	9
738	51
739	5
740	43
741	39
742	42
743	25
744	34
745	11
746	3
747	48
748	20
749	41
750	48
751	31
752	28
753	52
754	1
755	62
756	9
757	2
758	31
759	7
760	29
761	44
762	22
763	5
764	32
765	20
766	54
767	51
768	8
769	55
770	41
771	61
772	18
773	22
774	1
775	36
776	57
777	38
778	51
779	33
780	54
781	33
782	43
783	48
784	31
785	31
786	8
787	64
788	34
789	1
790	25
791	45
792	14
793	32
794	20
795	31
796	37
797	3
798	38
799	32
800	30
801	34
802	36
803	18
804	12
805	54
806	64
807	65
808	46
809	36
810	19
811	38
812	4
813	6
814	46
815	5
816	23
817	36
818	23
819	40
820	63
821	12
822	42
823	40
824	43
825	48
826	51
827	51
828	23
829	44
830	33
831	5
832	17
833	17
834	13
835	48
836	13
837	35
838	61
839	24
840	20
841	49
842	44
843	22
844	25
845	37
846	47
847	57
848	5
849	30
850	56
851	47
852	59
853	39
854	6
855	17
856	59
857	35
858	18
859	11
860	48
861	19
862	33
863	44
864	36
865	18
866	6
867	9
868	41
869	65
870	7
871	9
872	37
873	11
874	56
875	1
876	38
877	9
878	10
879	3
880	50
881	35
882	39
883	46
884	7
885	54
886	7
887	51
888	58
889	40
890	6
891	20
892	1
893	63
894	35
895	17
896	35
897	4
898	24
899	20
900	19
901	34
902	8
903	52
904	62
905	61
906	62
907	53
908	9
909	37
910	20
911	30
912	44
913	28
914	52
915	30
916	21
917	12
918	19
919	33
920	55
921	25
922	45
923	2
924	14
925	17
926	25
927	51
928	10
929	62
930	61
931	54
932	10
933	17
934	18
935	32
936	26
937	29
938	38
939	27
940	4
941	16
942	51
943	66
944	41
945	35
946	18
947	45
948	35
949	7
950	45
951	49
952	28
953	65
954	59
955	20
956	30
957	4
958	19
959	34
960	66
961	64
962	57
963	20
964	26
965	29
966	12
967	38
968	29
969	17
970	38
971	66
972	40
973	55
974	60
975	15
976	59
977	42
978	19
979	3
980	2
981	21
982	28
983	48
984	5
985	59
986	22
987	32
988	27
989	47
990	46
991	12
992	20
993	54
994	7
995	41
996	4
997	20
998	57
999	9
1000	6
1001	33
1002	54
1003	48
1004	7
1005	35
1006	57
1007	42
1008	58
1009	49
1010	21
1011	15
1012	41
1013	44
1014	32
1015	56
1016	25
1017	51
1018	2
1019	31
1020	22
1021	53
1022	3
1023	52
1024	16
1025	54
1026	2
1027	2
1028	19
1029	45
1030	7
1031	36
1032	63
1033	45
1034	40
1035	46
1036	8
1037	48
1038	60
1039	33
1040	14
1041	42
1042	11
1043	29
1044	5
1045	8
1046	10
1047	16
1048	3
1049	45
1050	58
1051	25
1052	33
1053	2
1054	44
1055	49
1056	11
1057	5
1058	10
1059	24
1060	64
1061	53
1062	55
1063	20
1064	56
1065	52
1066	24
1067	43
1068	49
1069	54
1070	21
1071	43
1072	18
1073	8
1074	55
1075	19
1076	51
1077	48
1078	42
1079	31
1080	2
1081	41
1082	18
1083	15
1084	34
1085	22
1086	35
1087	53
1088	30
1089	19
1090	18
1091	10
1092	45
1093	7
1094	38
1095	60
1096	31
1097	61
1098	8
1099	18
1100	36
1101	60
1102	5
1103	13
1104	52
1105	46
1106	44
1107	27
1108	7
1109	47
1110	34
1111	35
1112	55
1113	53
1114	17
1115	57
1116	19
1117	37
1118	24
1119	40
1120	65
1121	63
1122	23
1123	43
1124	43
1125	28
1126	45
1127	17
1128	17
1129	3
1130	62
1131	58
1132	32
1133	37
1134	21
1135	17
1136	28
1137	61
1138	25
1139	46
1140	3
1141	1
1142	29
1143	9
1144	58
1145	52
1146	26
1147	43
1148	50
1149	56
1150	52
1151	64
1152	48
1153	45
1154	28
1155	56
1156	19
1157	46
1158	42
1159	44
1160	3
1161	19
1162	6
1163	7
1164	14
1165	35
1166	61
1167	25
1168	25
1169	45
1170	42
1171	3
1172	33
1173	33
1174	60
1175	17
1176	12
1177	59
1178	6
1179	21
1180	59
1181	61
1182	11
1183	26
1184	34
1185	43
1186	46
1187	34
1188	27
1189	34
1190	38
1191	38
1192	18
1193	29
1194	35
1195	10
1196	17
1197	58
1198	48
1199	7
1200	15
1201	52
1202	41
1203	7
1204	8
1205	22
1206	26
1207	3
1208	5
1209	41
1210	34
1211	38
1212	31
1213	60
1214	56
1215	22
1216	35
1217	60
1218	3
1219	23
1220	1
1221	55
1222	17
1223	5
1224	31
1225	52
1226	3
1227	17
1228	3
1229	14
1230	54
1231	45
1232	14
1233	3
1234	40
1235	37
1236	50
1237	52
1238	32
1239	18
1240	49
1241	25
1242	54
1243	61
1244	44
1245	16
1246	25
1247	63
1248	35
1249	16
1250	61
1251	48
1252	45
1253	22
1254	37
1255	23
1256	17
1257	7
1258	10
1259	26
1260	49
1261	40
1262	1
1263	28
1264	25
1265	61
1266	16
1267	46
1268	26
1269	20
1270	17
1271	60
1272	29
1273	39
1274	43
1275	63
1276	33
1277	2
1278	13
1279	35
1280	18
1281	1
1282	21
1283	7
1284	3
1285	34
1286	56
1287	62
1288	4
1289	54
1290	2
1291	5
1292	11
1293	61
1294	47
1295	45
1296	11
1297	17
1298	63
1299	29
1300	25
1301	48
1302	38
1303	47
1304	38
1305	17
1306	9
1307	43
1308	58
1309	33
1310	2
1311	32
1312	19
1313	8
1314	3
1315	56
1316	41
1317	41
1318	37
1319	64
1320	25
1321	60
1322	36
1323	51
1324	19
1325	12
1326	16
1327	29
1328	39
1329	36
1330	46
1331	41
1332	60
1333	61
1334	5
1335	25
1336	62
1337	35
1338	16
1339	42
1340	30
1341	19
1342	26
1343	12
1344	24
1345	28
1346	19
1347	4
1348	66
1349	32
1350	60
1351	52
1352	64
1353	26
1354	10
1355	1
1356	41
1357	42
1358	36
1359	56
1360	12
1361	64
1362	19
1363	16
1364	16
1365	41
1366	11
1367	34
1368	49
1369	33
1370	53
1371	40
1372	59
1373	56
1374	62
1375	38
1376	16
1377	35
1378	42
1379	56
1380	57
1381	37
1382	21
1383	49
1384	1
1385	45
1386	30
1387	19
1388	53
1389	14
1390	41
1391	19
1392	54
1393	41
1394	8
1395	41
1396	42
1397	51
1398	40
1399	5
1400	64
1401	51
1402	60
1403	61
1404	10
1405	43
1406	60
1407	1
1408	54
1409	54
1410	1
1411	66
1412	61
1413	39
1414	20
1415	1
1416	34
1417	34
1418	8
1419	49
1420	21
1421	36
1422	26
1423	23
1424	19
1425	7
1426	41
1427	43
1428	45
1429	30
1430	28
1431	64
1432	29
1433	9
1434	40
1435	27
1436	62
1437	36
1438	20
1439	47
1440	56
1441	3
1442	18
1443	53
1444	61
1445	27
1446	39
1447	18
1448	57
1449	7
1450	5
1451	25
1452	3
1453	66
1454	15
1455	20
1456	54
1457	61
1458	29
1459	65
1460	37
1461	1
1462	51
1463	26
1464	51
1465	13
1466	63
1467	18
1468	43
1469	59
1470	26
1471	54
1472	25
1473	10
1474	43
1475	24
1476	63
1477	49
1478	55
1479	64
1480	57
1481	53
1482	60
1483	2
1484	46
1485	32
1486	60
1487	18
1488	35
1489	51
1490	49
1491	6
1492	39
1493	52
1494	19
1495	61
1496	53
1497	66
1498	17
1499	34
1500	12
1501	5
1502	33
1503	41
1504	63
1505	51
1506	22
1507	17
1508	64
1509	41
1510	11
1511	52
1512	16
1513	61
1514	54
1515	63
1516	17
1517	43
1518	56
1519	17
1520	58
1521	43
1522	41
1523	21
1524	1
1525	7
1526	61
1527	22
1528	31
1529	66
1530	37
1531	1
1532	1
1533	3
1534	54
1535	2
1536	37
1537	46
1538	50
1539	51
1540	65
1541	7
1542	17
1543	18
1544	37
1545	10
1546	4
1547	26
1548	41
1549	37
1550	41
1551	15
1552	22
1553	44
1554	37
1555	49
1556	7
1557	62
1558	41
1559	17
1560	53
1561	21
1562	33
1563	17
1564	43
1565	23
1566	37
1567	11
1568	18
1569	33
1570	23
1571	35
1572	46
1573	17
1574	21
1575	23
1576	46
1577	52
1578	20
1579	16
1580	19
1581	41
1582	36
1583	54
1584	27
1585	26
1586	62
1587	57
1588	3
1589	56
1590	64
1591	10
1592	49
1593	49
1594	56
1595	24
1596	21
1597	7
1598	54
1599	27
1600	54
1601	26
1602	9
1603	11
1604	48
1605	20
1606	49
1607	20
1608	49
1609	11
1610	26
1611	24
1612	5
1613	8
1614	44
1615	25
1616	48
1617	28
1618	34
1619	18
1620	42
1621	58
1622	64
1623	28
1624	60
1625	18
1626	1
1627	44
1628	41
1629	63
1630	66
1631	35
1632	59
1633	21
1634	65
1635	56
1636	45
1637	64
1638	20
1639	54
1640	5
1641	51
1642	55
1643	59
1644	38
1645	21
1646	26
1647	47
1648	60
1649	4
1650	33
1651	17
1652	50
1653	7
1654	38
1655	46
1656	26
1657	60
1658	24
1659	41
1660	15
1661	64
1662	21
1663	35
1664	8
1665	32
1666	4
1667	60
1668	26
1669	46
1670	19
1671	5
1672	52
1673	66
1674	65
1675	48
1676	31
1677	41
1678	11
1679	45
1680	25
1681	7
1682	4
1683	60
1684	52
1685	37
1686	29
1687	12
1688	56
1689	16
1690	38
1691	19
1692	29
1693	32
1694	1
1695	60
1696	53
1697	57
1698	5
1699	45
1700	13
1701	5
1702	14
1703	30
1704	19
1705	46
1706	12
1707	57
1708	38
1709	5
1710	29
1711	54
1712	19
1713	27
1714	33
1715	22
1716	43
1717	41
1718	35
1719	13
1720	13
1721	54
1722	60
1723	38
1724	62
1725	28
1726	50
1727	7
1728	61
1729	66
1730	11
1731	54
1732	6
1733	12
1734	37
1735	45
1736	63
1737	30
1738	24
1739	27
1740	39
1741	24
1742	36
1743	44
1744	19
1745	43
1746	30
1747	51
1748	58
1749	9
1750	33
1751	58
1752	8
1753	22
1754	14
1755	66
1756	4
1757	60
1758	21
1759	48
1760	25
1761	17
1762	20
1763	9
1764	56
1765	52
1766	34
1767	37
1768	58
1769	34
1770	23
1771	50
1772	8
1773	13
1774	22
1775	51
1776	41
1777	11
1778	10
1779	30
1780	49
1781	52
1782	16
1783	11
1784	40
1785	14
1786	52
1787	61
1788	18
1789	65
1790	61
1791	4
1792	40
1793	12
1794	46
1795	61
1796	3
1797	24
1798	28
1799	64
1800	41
1801	23
1802	51
1803	4
1804	51
1805	39
1806	47
1807	63
1808	38
1809	65
1810	18
1811	41
1812	25
1813	34
1814	36
1815	37
1816	18
1817	40
1818	44
1819	25
1820	6
1821	56
1822	34
1823	42
1824	14
1825	9
1826	54
1827	7
1828	17
1829	22
1830	46
1831	7
1832	19
1833	19
1834	45
1835	65
1836	59
1837	49
1838	19
1839	18
1840	21
1841	55
1842	3
1843	46
1844	1
1845	3
1846	39
1847	5
1848	66
1849	30
1850	25
1851	40
1852	21
1853	21
1854	3
1855	37
1856	26
1857	46
1858	26
1859	62
1860	18
1861	30
1862	33
1863	49
1864	48
1865	32
1866	1
1867	25
1868	63
1869	11
1870	52
1871	25
1872	38
1873	34
1874	66
1875	3
1876	17
1877	54
1878	20
1879	27
1880	26
1881	16
1882	26
1883	19
1884	40
1885	7
1886	42
1887	60
1888	34
1889	2
1890	5
1891	29
1892	36
1893	27
1894	19
1895	41
1896	7
1897	16
1898	16
1899	18
1900	14
1901	54
1902	29
1903	61
1904	12
1905	32
1906	61
1907	53
1908	42
1909	28
1910	30
1911	38
1912	66
1913	23
1914	17
1915	7
1916	60
1917	14
1918	48
1919	55
1920	14
1921	40
1922	16
1923	5
1924	4
1925	20
1926	9
1927	18
1928	22
1929	49
1930	64
1931	48
1932	65
1933	9
1934	64
1935	20
1936	26
1937	22
1938	36
1939	23
1940	9
1941	19
1942	66
1943	32
1944	60
1945	10
1946	43
1947	41
1948	46
1949	63
1950	27
1951	32
1952	3
1953	59
1954	23
1955	49
1956	9
1957	16
1958	44
1959	28
1960	61
1961	33
1962	33
1963	54
1964	41
1965	32
1966	24
1967	3
1968	34
1969	33
1970	54
1971	45
1972	59
1973	16
1974	61
1975	27
1976	23
1977	32
1978	66
1979	50
1980	56
1981	22
1982	61
1983	6
1984	61
1985	36
1986	46
1987	41
1988	43
1989	25
1990	50
1991	16
1992	33
1993	30
1994	66
1995	12
1996	48
1997	35
1998	6
1999	22
2000	60
2001	32
2002	3
2003	56
2004	32
2005	12
2006	43
2007	58
2008	20
2009	62
2010	52
2011	29
2012	51
2013	15
2014	40
2015	4
2016	45
2017	1
2018	36
2019	63
2020	22
2021	51
2022	4
2023	18
2024	43
2025	21
2026	3
2027	30
2028	24
2029	54
2030	49
2031	6
2032	20
2033	36
2034	11
2035	20
2036	31
2037	37
2038	18
2039	20
2040	25
2041	2
2042	8
2043	1
2044	25
2045	50
2046	64
2047	34
2048	29
2049	21
2050	2
2051	63
2052	64
2053	10
2054	17
2055	11
2056	22
2057	9
2058	17
2059	65
2060	45
2061	20
2062	36
2063	21
2064	50
2065	18
2066	15
2067	1
2068	60
2069	59
2070	1
2071	38
2072	56
2073	15
2074	32
2075	31
2076	54
2077	9
2078	13
2079	5
2080	48
2081	18
2082	18
2083	43
2084	31
2085	51
2086	17
2087	44
2088	59
2089	38
2090	58
2091	8
2092	7
2093	21
2094	28
2095	66
2096	34
2097	39
2098	27
2099	7
2100	27
2101	33
2102	33
2103	18
2104	38
2105	43
2106	37
2107	36
2108	2
2109	7
2110	20
2111	22
2112	8
2113	11
2114	34
2115	49
2116	21
2117	52
2118	20
2119	12
2120	41
2121	57
2122	18
2123	58
2124	48
2125	55
2126	21
2127	26
2128	21
2129	3
2130	25
2131	2
2132	62
2133	10
2134	19
2135	17
2136	29
2137	13
2138	57
2139	61
2140	35
2141	53
2142	28
2143	16
2144	16
2145	16
2146	18
2147	49
2148	65
2149	42
2150	1
2151	52
2152	34
2153	36
2154	34
2155	5
2156	43
2157	53
2158	41
2159	3
2160	16
2161	61
2162	58
2163	4
2164	41
2165	52
2166	22
2167	52
2168	23
2169	47
2170	17
2171	48
2172	51
2173	18
2174	28
2175	63
2176	66
2177	59
2178	25
2179	39
2180	56
2181	32
2182	30
2183	43
2184	31
2185	11
2186	27
2187	63
2188	54
2189	9
2190	33
2191	59
2192	12
2193	7
2194	46
2195	6
2196	48
2197	54
2198	58
2199	28
2200	59
2201	60
2202	41
2203	60
2204	16
2205	16
2206	36
2207	2
2208	3
2209	9
2210	20
2211	50
2212	46
2213	8
2214	54
2215	9
2216	3
2217	20
2218	45
2219	25
2220	44
2221	31
2222	55
2223	25
2224	17
2225	9
2226	19
2227	30
2228	14
2229	12
2230	32
2231	16
2232	19
2233	23
2234	22
2235	59
2236	25
2237	58
2238	17
2239	48
2240	25
2241	34
2242	50
2243	39
2244	48
2245	54
2246	59
2247	21
2248	18
2249	18
2250	12
2251	47
2252	3
2253	36
2254	39
2255	55
2256	50
2257	19
2258	9
2259	60
2260	5
2261	49
2262	47
2263	11
2264	21
2265	4
2266	53
2267	4
2268	61
2269	52
2270	19
2271	40
2272	28
2273	11
2274	35
2275	49
2276	45
2277	5
2278	24
2279	36
2280	64
2281	43
2282	16
2283	7
2284	20
2285	35
2286	61
2287	37
2288	48
2289	61
2290	18
2291	21
2292	35
2293	17
2294	36
2295	20
2296	60
2297	33
2298	22
2299	7
2300	52
2301	19
2302	31
2303	37
2304	2
2305	25
2306	51
2307	27
2308	33
2309	3
2310	33
2311	64
2312	3
2313	6
2314	26
2315	41
2316	50
2317	4
2318	15
2319	39
2320	5
2321	61
2322	31
2323	6
2324	48
2325	48
2326	28
2327	3
2328	16
2329	33
2330	22
2331	27
2332	18
2333	58
2334	59
2335	52
2336	51
2337	17
2338	26
2339	22
2340	46
2341	30
2342	61
2343	29
2344	25
2345	34
2346	32
2347	47
2348	17
2349	30
2350	57
2351	23
2352	11
2353	34
2354	31
2355	20
2356	54
2357	5
2358	34
2359	66
2360	13
2361	57
2362	33
2363	53
2364	51
2365	64
2366	37
2367	42
2368	35
2369	37
2370	5
2371	34
2372	25
2373	21
2374	20
2375	29
2376	31
2377	61
2378	42
2379	38
2380	10
2381	57
2382	14
2383	10
2384	28
2385	35
2386	1
2387	15
2388	29
2389	19
2390	34
2391	38
2392	19
2393	25
2394	59
2395	54
2396	63
2397	58
2398	43
2399	30
2400	3
2401	1
2402	63
2403	53
2404	25
2405	21
2406	26
2407	62
2408	28
2409	62
2410	20
2411	41
2412	28
2413	26
2414	1
2415	35
2416	63
2417	24
2418	60
2419	52
2420	22
2421	53
2422	48
2423	24
2424	43
2425	26
2426	6
2427	19
2428	54
2429	62
2430	43
2431	42
2432	12
2433	4
2434	8
2435	38
2436	3
2437	28
2438	18
2439	64
2440	54
2441	35
2442	65
2443	42
2444	16
2445	46
2446	21
2447	57
2448	17
2449	35
2450	43
2451	41
2452	65
2453	18
2454	30
2455	25
2456	16
2457	61
2458	19
2459	48
2460	56
2461	45
2462	41
2463	7
2464	19
2465	50
2466	55
2467	51
2468	4
2469	7
2470	26
2471	7
2472	64
2473	55
2474	25
2475	63
2476	16
2477	66
2478	18
2479	30
2480	64
2481	30
2482	58
2483	61
2484	13
2485	36
2486	29
2487	42
2488	60
2489	63
2490	25
2491	1
2492	54
2493	57
2494	2
2495	58
2496	57
2497	35
2498	24
2499	27
2500	31
2501	41
2502	60
2503	24
2504	44
2505	16
2506	22
2507	26
2508	56
2509	18
2510	7
2511	18
2512	13
2513	26
2514	59
2515	48
2516	40
2517	24
2518	23
2519	32
2520	62
2521	41
2522	61
2523	15
2524	18
2525	63
2526	37
2527	34
2528	39
2529	12
2530	49
2531	32
2532	6
2533	59
2534	13
2535	50
2536	43
2537	29
2538	24
2539	19
2540	66
2541	35
2542	9
2543	6
2544	20
2545	59
2546	55
2547	30
2548	51
2549	54
2550	13
2551	27
2552	56
2553	36
2554	2
2555	6
2556	54
2557	51
2558	64
2559	14
2560	41
2561	64
2562	64
2563	48
2564	41
2565	15
2566	18
2567	57
2568	38
2569	49
2570	65
2571	5
2572	36
2573	22
2574	59
2575	56
2576	9
2577	12
2578	58
2579	17
2580	24
2581	33
2582	24
2583	24
2584	8
2585	6
2586	44
2587	41
2588	33
2589	61
2590	49
2591	19
2592	43
2593	28
2594	56
2595	51
2596	46
2597	42
2598	35
2599	16
2600	46
2601	7
2602	32
2603	3
2604	41
2605	61
2606	66
2607	36
2608	41
2609	48
2610	19
2611	18
2612	65
2613	61
2614	2
2615	66
2616	1
2617	26
2618	43
2619	35
2620	45
2621	2
2622	65
2623	27
2624	3
2625	40
2626	51
2627	33
2628	41
2629	8
2630	16
2631	51
2632	22
2633	34
2634	8
2635	25
2636	26
2637	19
2638	48
2639	46
2640	18
2641	5
2642	36
2643	3
2644	31
2645	25
2646	49
2647	55
2648	51
2649	7
2650	59
2651	33
2652	12
2653	36
2654	14
2655	16
2656	61
2657	63
2658	52
2659	63
2660	13
2661	10
2662	50
2663	34
2664	4
2665	3
2666	21
2667	5
2668	6
2669	20
2670	40
2671	15
2672	56
2673	16
2674	30
2675	64
2676	49
2677	62
2678	60
2679	42
2680	35
2681	48
2682	38
2683	64
2684	4
2685	55
2686	41
2687	54
2688	36
2689	28
2690	63
2691	17
2692	29
2693	1
2694	41
2695	64
2696	50
2697	38
2698	54
2699	11
2700	32
2701	58
2702	52
2703	62
2704	54
2705	49
2706	56
2707	22
2708	36
2709	56
2710	64
2711	26
2712	6
2713	52
2714	58
2715	35
2716	7
2717	44
2718	32
2719	61
2720	41
2721	60
2722	23
2723	17
2724	54
2725	41
2726	45
2727	14
2728	5
2729	24
2730	35
2731	56
2732	18
2733	20
2734	25
2735	28
2736	17
2737	54
2738	49
2739	21
2740	29
2741	36
2742	64
2743	9
2744	42
2745	28
2746	64
2747	41
2748	2
2749	5
2750	55
2751	52
2752	47
2753	42
2754	35
2755	30
2756	63
2757	28
2758	53
2759	31
2760	34
2761	26
2762	61
2763	6
2764	35
2765	47
2766	10
2767	38
2768	51
2769	35
2770	42
2771	26
2772	3
2773	42
2774	42
2775	3
2776	25
2777	52
2778	39
2779	11
2780	35
2781	16
2782	16
2783	10
2784	35
2785	57
2786	41
2787	31
2788	61
2789	60
2790	44
2791	62
2792	27
2793	42
2794	66
2795	15
2796	53
2797	30
2798	11
2799	29
2800	60
2801	58
2802	31
2803	39
2804	37
2805	47
2806	53
2807	64
2808	17
2809	53
2810	61
2811	54
2812	38
2813	15
2814	41
2815	15
2816	25
2817	11
2818	24
2819	39
2820	47
2821	59
2822	58
2823	44
2824	48
2825	3
2826	30
2827	19
2828	25
2829	35
2830	17
2831	26
2832	37
2833	20
2834	50
2835	38
2836	16
2837	53
2838	52
2839	35
2840	48
2841	6
2842	55
2843	5
2844	32
2845	37
2846	27
2847	64
2848	49
2849	60
2850	61
2851	56
2852	39
2853	9
2854	3
2855	22
2856	26
2857	54
2858	29
2859	44
2860	12
2861	45
2862	44
2863	8
2864	29
2865	16
2866	27
2867	21
2868	56
2869	3
2870	31
2871	33
2872	39
2873	60
2874	30
2875	27
2876	50
2877	61
2878	5
2879	27
2880	29
2881	5
2882	4
2883	66
2884	48
2885	27
2886	20
2887	22
2888	27
2889	46
2890	34
2891	50
2892	31
2893	60
2894	17
2895	37
2896	21
2897	19
2898	55
2899	63
2900	21
2901	23
2902	12
2903	46
2904	24
2905	17
2906	50
2907	52
2908	13
2909	40
2910	22
2911	52
2912	65
2913	25
2914	29
2915	54
2916	18
2917	62
2918	54
2919	7
2920	9
2921	10
2922	46
2923	2
2924	52
2925	27
2926	39
2927	60
2928	25
2929	24
2930	49
2931	48
2932	16
2933	55
2934	59
2935	24
2936	28
2937	23
2938	36
2939	61
2940	15
2941	45
2942	38
2943	45
2944	3
2945	50
2946	36
2947	9
2948	62
2949	35
2950	27
2951	30
2952	13
2953	66
2954	47
2955	40
2956	63
2957	17
2958	63
2959	37
2960	63
2961	42
2962	41
2963	41
2964	16
2965	65
2966	60
2967	52
2968	37
2969	44
2970	26
2971	36
2972	27
2973	35
2974	11
2975	20
2976	13
2977	1
2978	21
2979	22
2980	56
2981	25
2982	45
2983	39
2984	25
2985	32
2986	42
2987	27
2988	6
2989	58
2990	61
2991	38
2992	65
2993	56
2994	40
2995	19
2996	60
2997	46
2998	19
2999	24
3000	1
3001	10
3002	38
3003	63
3004	62
3005	17
3006	43
3007	33
3008	52
3009	14
3010	41
3011	60
3012	42
3013	25
3014	4
3015	56
3016	20
3017	15
3018	8
3019	22
3020	52
3021	49
3022	62
3023	10
3024	46
3025	16
3026	42
3027	22
3028	23
3029	38
3030	52
3031	65
3032	33
3033	55
3034	61
3035	11
3036	27
3037	20
3038	54
3039	37
3040	16
3041	3
3042	30
3043	19
3044	4
3045	52
3046	43
3047	55
3048	64
3049	36
3050	42
3051	14
3052	29
3053	15
3054	64
3055	35
3056	19
3057	46
3058	66
3059	63
3060	24
3061	49
3062	45
3063	18
3064	54
3065	37
3066	42
3067	61
3068	41
3069	52
3070	3
3071	33
3072	8
3073	3
3074	39
3075	21
3076	32
3077	55
3078	43
3079	8
3080	12
3081	50
3082	54
3083	32
3084	54
3085	51
3086	17
3087	21
3088	25
3089	20
3090	35
3091	11
3092	43
3093	41
3094	11
3095	19
3096	6
3097	51
3098	60
3099	60
3100	37
3101	24
3102	13
3103	50
3104	8
3105	41
3106	1
3107	5
3108	38
3109	42
3110	8
3111	27
3112	61
3113	31
3114	5
3115	58
3116	60
3117	20
3118	50
3119	51
3120	12
3121	13
3122	30
3123	5
3124	55
3125	19
3126	37
3127	41
3128	18
3129	5
3130	5
3131	6
3132	43
3133	9
3134	21
3135	17
3136	38
3137	44
3138	47
3139	35
3140	17
3141	39
3142	20
3143	5
3144	13
3145	44
3146	2
3147	57
3148	21
3149	8
3150	4
3151	31
3152	9
3153	34
3154	37
3155	4
3156	41
3157	48
3158	48
3159	57
3160	37
3161	63
3162	22
3163	25
3164	25
3165	21
3166	51
3167	9
3168	43
3169	66
3170	47
3171	34
3172	54
3173	29
3174	22
3175	5
3176	52
3177	56
3178	24
3179	65
3180	31
3181	43
3182	28
3183	38
3184	48
3185	11
3186	54
3187	48
3188	44
3189	2
3190	63
3191	43
3192	12
3193	48
3194	42
3195	65
3196	61
3197	1
3198	1
3199	48
3200	60
3201	20
3202	41
3203	23
3204	57
3205	5
3206	15
3207	42
3208	52
3209	55
3210	9
3211	60
3212	28
3213	54
3214	12
3215	54
3216	22
3217	17
3218	42
3219	26
3220	51
3221	12
3222	43
3223	28
3224	32
3225	61
3226	54
3227	54
3228	22
3229	13
3230	22
3231	7
3232	40
3233	21
3234	55
3235	23
3236	43
3237	9
3238	65
3239	31
3240	33
3241	47
3242	18
3243	34
3244	63
3245	52
3246	55
3247	48
3248	45
3249	19
3250	5
3251	3
3252	16
3253	7
3254	46
3255	54
3256	47
3257	54
3258	18
3259	2
3260	4
3261	39
3262	32
3263	27
3264	41
3265	63
3266	19
3267	60
3268	38
3269	61
3270	31
3271	61
3272	34
3273	52
3274	36
3275	41
3276	38
3277	5
3278	8
3279	19
3280	55
3281	64
3282	49
3283	11
3284	61
3285	42
3286	38
3287	42
3288	48
3289	45
3290	47
3291	27
3292	46
3293	30
3294	36
3295	33
3296	13
3297	1
3298	57
3299	33
3300	46
3301	54
3302	17
3303	1
3304	61
3305	53
3306	7
3307	61
3308	1
3309	53
3310	7
3311	37
3312	62
3313	63
3314	3
3315	37
3316	37
3317	62
3318	42
3319	37
3320	17
3321	17
3322	54
3323	36
3324	15
3325	15
3326	27
3327	47
3328	11
3329	53
3330	21
3331	45
3332	63
3333	21
3334	37
3335	55
3336	53
3337	32
3338	4
3339	31
3340	34
3341	10
3342	19
3343	46
3344	7
3345	45
3346	57
3347	44
3348	16
3349	32
3350	64
3351	53
3352	34
3353	1
3354	39
3355	51
3356	37
3357	65
3358	61
3359	19
3360	22
3361	37
3362	46
3363	5
3364	40
3365	21
3366	7
3367	60
3368	19
3369	9
3370	47
3371	12
3372	33
3373	3
3374	44
3375	36
3376	38
3377	38
3378	42
3379	37
3380	20
3381	6
3382	60
3383	16
3384	17
3385	58
3386	38
3387	44
3388	18
3389	55
3390	52
3391	35
3392	62
3393	57
3394	30
3395	22
3396	2
3397	54
3398	61
3399	60
3400	61
3401	46
3402	15
3403	45
3404	56
3405	23
3406	49
3407	52
3408	50
3409	51
3410	18
3411	61
3412	62
3413	5
3414	59
3415	35
3416	33
3417	52
3418	51
3419	52
3420	12
3421	55
3422	36
3423	21
3424	31
3425	45
3426	52
3427	46
3428	17
3429	46
3430	16
3431	28
3432	42
3433	54
3434	16
3435	52
3436	15
3437	21
3438	23
3439	13
3440	18
3441	26
3442	17
3443	12
3444	49
3445	49
3446	59
3447	65
3448	12
3449	43
3450	1
3451	41
3452	11
3453	43
3454	46
3455	52
3456	16
3457	39
3458	11
3459	66
3460	8
3461	52
3462	62
3463	23
3464	29
3465	6
3466	58
3467	15
3468	59
3469	30
3470	41
3471	43
3472	3
3473	50
3474	53
3475	41
3476	24
3477	46
3478	2
3479	40
3480	47
3481	35
3482	59
3483	11
3484	11
3485	20
3486	5
3487	28
3488	64
3489	43
3490	39
3491	30
3492	5
3493	43
3494	40
3495	50
3496	33
3497	39
3498	8
3499	42
3500	37
3501	6
3502	15
3503	61
3504	4
3505	47
3506	37
3507	11
3508	50
3509	49
3510	57
3511	16
3512	28
3513	9
3514	16
3515	51
3516	52
3517	59
3518	49
3519	48
3520	53
3521	60
3522	9
3523	60
3524	59
3525	54
3526	19
3527	13
3528	63
3529	14
3530	30
3531	2
3532	62
3533	19
3534	35
3535	23
3536	41
3537	36
3538	16
3539	58
3540	3
3541	56
3542	5
3543	11
3544	32
3545	15
3546	32
3547	36
3548	25
3549	33
3550	57
3551	4
3552	54
3553	45
3554	62
3555	60
3556	63
3557	23
3558	61
3559	19
3560	39
3561	7
3562	43
3563	42
3564	44
3565	18
3566	26
3567	60
3568	57
3569	52
3570	8
3571	64
3572	18
3573	37
3574	55
3575	38
3576	49
3577	24
3578	7
3579	52
3580	34
3581	9
3582	36
3583	39
3584	43
3585	53
3586	44
3587	33
3588	33
3589	43
3590	65
3591	43
3592	51
3593	51
3594	16
3595	28
3596	60
3597	21
3598	28
3599	21
3600	55
3601	38
3602	55
3603	12
3604	15
3605	56
3606	38
3607	13
3608	24
3609	21
3610	4
3611	8
3612	63
3613	4
3614	24
3615	50
3616	58
3617	66
3618	20
3619	18
3620	22
3621	13
3622	48
3623	7
3624	25
3625	7
3626	63
3627	54
3628	17
3629	41
3630	52
3631	43
3632	17
3633	62
3634	4
3635	14
3636	60
3637	52
3638	62
3639	36
3640	18
3641	39
3642	33
3643	35
3644	42
3645	61
3646	11
3647	14
3648	31
3649	28
3650	11
3651	13
3652	16
3653	5
3654	32
3655	63
3656	44
3657	48
3658	38
3659	25
3660	29
3661	52
3662	11
3663	15
3664	65
3665	54
3666	14
3667	60
3668	11
3669	47
3670	63
3671	25
3672	65
3673	21
3674	46
3675	1
3676	53
3677	64
3678	22
3679	36
3680	49
3681	35
3682	37
3683	34
3684	61
3685	17
3686	25
3687	35
3688	49
3689	31
3690	53
3691	40
3692	56
3693	54
3694	51
3695	57
3696	18
3697	18
3698	39
3699	58
3700	27
3701	30
3702	64
3703	34
3704	8
3705	12
3706	52
3707	46
3708	6
3709	58
3710	37
3711	39
3712	15
3713	53
3714	24
3715	49
3716	43
3717	49
3718	5
3719	49
3720	61
3721	16
3722	22
3723	56
3724	32
3725	51
3726	3
3727	33
3728	15
3729	41
3730	30
3731	28
3732	51
3733	28
3734	25
3735	4
3736	64
3737	6
3738	34
3739	31
3740	5
3741	65
3742	44
3743	3
3744	15
3745	60
3746	41
3747	49
3748	3
3749	24
3750	22
3751	43
3752	16
3753	6
3754	49
3755	11
3756	36
3757	20
3758	56
3759	30
3760	39
3761	57
3762	34
3763	48
3764	65
3765	23
3766	61
3767	58
3768	42
3769	45
3770	55
3771	60
3772	63
3773	50
3774	2
3775	51
3776	15
3777	52
3778	14
3779	47
3780	34
3781	2
3782	40
3783	7
3784	17
3785	36
3786	64
3787	13
3788	13
3789	18
3790	53
3791	17
3792	66
3793	62
3794	61
3795	51
3796	10
3797	11
3798	36
3799	36
3800	3
3801	51
3802	9
3803	19
3804	43
3805	66
3806	52
3807	22
3808	18
3809	52
3810	29
3811	4
3812	23
3813	27
3814	60
3815	21
3816	27
3817	48
3818	52
3819	39
3820	34
3821	5
3822	35
3823	42
3824	61
3825	19
3826	56
3827	25
3828	61
3829	48
3830	29
3831	35
3832	29
3833	5
3834	30
3835	5
3836	56
3837	63
3838	62
3839	53
3840	7
3841	23
3842	43
3843	31
3844	34
3845	18
3846	49
3847	7
3848	66
3849	54
3850	32
3851	18
3852	2
3853	38
3854	38
3855	18
3856	5
3857	38
3858	64
3859	6
3860	55
3861	12
3862	28
3863	18
3864	63
3865	3
3866	20
3867	7
3868	2
3869	61
3870	52
3871	26
3872	33
3873	52
3874	50
3875	28
3876	54
3877	33
3878	13
3879	27
3880	64
3881	31
3882	7
3883	44
3884	3
3885	56
3886	9
3887	46
3888	1
3889	43
3890	31
3891	21
3892	9
3893	19
3894	49
3895	49
3896	22
3897	13
3898	59
3899	47
3900	17
3901	19
3902	43
3903	29
3904	43
3905	14
3906	18
3907	34
3908	32
3909	15
3910	17
3911	44
3912	34
3913	29
3914	33
3915	17
3916	22
3917	7
3918	20
3919	54
3920	40
3921	63
3922	12
3923	3
3924	11
3925	19
3926	23
3927	66
3928	26
3929	48
3930	61
3931	48
3932	52
3933	8
3934	11
3935	33
3936	2
3937	57
3938	3
3939	37
3940	38
3941	4
3942	30
3943	47
3944	34
3945	17
3946	29
3947	32
3948	66
3949	11
3950	59
3951	54
3952	18
3953	52
3954	48
3955	60
3956	2
3957	37
3958	34
3959	49
3960	44
3961	14
3962	51
3963	30
3964	7
3965	11
3966	43
3967	50
3968	9
3969	7
3970	10
3971	36
3972	20
3973	4
3974	30
3975	31
3976	46
3977	24
3978	26
3979	22
3980	63
3981	66
3982	24
3983	55
3984	9
3985	26
3986	61
3987	48
3988	19
3989	36
3990	64
3991	58
3992	34
3993	37
3994	16
3995	22
3996	51
3997	65
3998	57
3999	42
4000	1
4001	8
4002	25
4003	50
4004	60
4005	20
4006	47
4007	18
4008	9
4009	54
4010	17
4011	51
4012	54
4013	31
4014	20
4015	31
4016	49
4017	21
4018	4
4019	15
4020	17
4021	63
4022	49
4023	16
4024	25
4025	18
4026	44
4027	65
4028	45
4029	42
4030	22
4031	56
4032	7
4033	40
4034	60
4035	38
4036	19
4037	7
4038	40
4039	26
4040	64
4041	5
4042	9
4043	1
4044	66
4045	4
4046	14
4047	42
4048	13
4049	3
4050	61
4051	16
4052	28
4053	31
4054	8
4055	34
4056	12
4057	34
4058	46
4059	55
4060	13
4061	35
4062	29
4063	29
4064	8
4065	16
4066	27
4067	13
4068	64
4069	38
4070	39
4071	25
4072	38
4073	38
4074	62
4075	41
4076	15
4077	39
4078	45
4079	15
4080	50
4081	59
4082	38
4083	43
4084	54
4085	42
4086	62
4087	16
4088	61
4089	26
4090	46
4091	32
4092	14
4093	27
4094	6
4095	56
4096	5
4097	48
4098	34
4099	34
4100	54
4101	36
4102	45
4103	13
4104	48
4105	16
4106	52
4107	48
4108	34
4109	65
4110	12
4111	7
4112	7
4113	22
4114	17
4115	37
4116	13
4117	50
4118	40
4119	39
4120	41
4121	61
4122	63
4123	50
4124	3
4125	4
4126	25
4127	17
4128	19
4129	37
4130	12
4131	58
4132	9
4133	1
4134	46
4135	53
4136	46
4137	6
4138	45
4139	8
4140	1
4141	62
4142	35
4143	25
4144	22
4145	3
4146	55
4147	45
4148	35
4149	26
4150	13
4151	31
4152	58
4153	35
4154	41
4155	61
4156	38
4157	11
4158	42
4159	41
4160	43
4161	42
4162	45
4163	57
4164	2
4165	15
4166	46
4167	22
4168	36
4169	60
4170	54
4171	57
4172	10
4173	19
4174	33
4175	11
4176	66
4177	9
4178	66
4179	5
4180	51
4181	24
4182	52
4183	62
4184	37
4185	22
4186	47
4187	63
4188	64
4189	4
4190	43
4191	7
4192	11
4193	48
4194	61
4195	30
4196	61
4197	28
4198	54
4199	1
4200	41
4201	1
4202	25
4203	24
4204	54
4205	7
4206	37
4207	41
4208	5
4209	56
4210	60
4211	19
4212	49
4213	36
4214	50
4215	32
4216	20
4217	56
4218	57
4219	61
4220	32
4221	21
4222	33
4223	31
4224	59
4225	28
4226	3
4227	17
4228	26
4229	66
4230	44
4231	3
4232	25
4233	20
4234	1
4235	43
4236	57
4237	3
4238	36
4239	33
4240	64
4241	18
4242	52
4243	29
4244	9
4245	16
4246	1
4247	60
4248	17
4249	4
4250	17
4251	14
4252	65
4253	59
4254	37
4255	7
4256	27
4257	54
4258	17
4259	22
4260	21
4261	13
4262	51
4263	52
4264	15
4265	57
4266	3
4267	1
4268	18
4269	43
4270	22
4271	27
4272	46
4273	21
4274	66
4275	38
4276	6
4277	22
4278	27
4279	36
4280	36
4281	27
4282	40
4283	63
4284	16
4285	50
4286	5
4287	46
4288	36
4289	41
4290	27
4291	63
4292	63
4293	54
4294	61
4295	58
4296	3
4297	36
4298	53
4299	2
4300	2
4301	48
4302	37
4303	25
4304	52
4305	39
4306	38
4307	16
4308	15
4309	3
4310	3
4311	21
4312	3
4313	45
4314	41
4315	37
4316	61
4317	34
4318	61
4319	16
4320	41
4321	61
4322	41
4323	64
4324	56
4325	31
4326	63
4327	16
4328	32
4329	46
4330	23
4331	1
4332	6
4333	1
4334	54
4335	34
4336	32
4337	53
4338	54
4339	51
4340	54
4341	27
4342	7
4343	32
4344	64
4345	12
4346	19
4347	50
4348	50
4349	38
4350	42
4351	48
4352	24
4353	11
4354	12
4355	41
4356	12
4357	62
4358	39
4359	12
4360	23
4361	6
4362	2
4363	1
4364	25
4365	40
4366	60
4367	49
4368	35
4369	59
4370	43
4371	59
4372	13
4373	54
4374	63
4375	43
4376	48
4377	46
4378	60
4379	27
4380	3
4381	10
4382	31
4383	30
4384	5
4385	13
4386	56
4387	25
4388	28
4389	31
4390	66
4391	31
4392	19
4393	23
4394	23
4395	36
4396	30
4397	30
4398	51
4399	7
4400	27
4401	16
4402	35
4403	44
4404	20
4405	40
4406	52
4407	31
4408	20
4409	13
4410	48
4411	57
4412	65
4413	54
4414	3
4415	38
4416	60
4417	63
4418	31
4419	7
4420	66
4421	37
4422	7
4423	33
4424	23
4425	4
4426	9
4427	58
4428	17
4429	45
4430	42
4431	23
4432	20
4433	48
4434	48
4435	18
4436	10
4437	4
4438	40
4439	62
4440	50
4441	46
4442	49
4443	61
4444	3
4445	32
4446	57
4447	14
4448	34
4449	42
4450	14
4451	9
4452	4
4453	53
4454	22
4455	4
4456	17
4457	16
4458	10
4459	27
4460	61
4461	66
4462	7
4463	46
4464	48
4465	44
4466	23
4467	12
4468	19
4469	34
4470	54
4471	31
4472	22
4473	47
4474	26
4475	28
4476	61
4477	10
4478	22
4479	51
4480	52
4481	18
4482	7
4483	63
4484	41
4485	21
4486	59
4487	44
4488	43
4489	46
4490	21
4491	50
4492	28
4493	1
4494	64
4495	59
4496	26
4497	33
4498	18
4499	54
4500	16
4501	32
4502	7
4503	30
4504	35
4505	46
4506	65
4507	43
4508	44
4509	21
4510	40
4511	11
4512	17
4513	21
4514	19
4515	46
4516	48
4517	5
4518	41
4519	3
4520	34
4521	54
4522	38
4523	15
4524	53
4525	38
4526	49
4527	54
4528	16
4529	35
4530	23
4531	17
4532	52
4533	20
4534	5
4535	39
4536	43
4537	62
4538	61
4539	16
4540	43
4541	46
4542	44
4543	14
4544	64
